DATA Amhara total deaths 30 yo plus
2006	7500
2007	7500
2008	7400
2009	7200
2010	7000
2011	7000
2012	8500
2013	8600
2014	7400
2015	7300
2016	7200
DATA Amhara total population 30 yo plus
2006	7200000
2007	6900000
2008	7200000
2009	7500000
2010	7800000
2011	8100000
2012	8400000
2013	8700000
2014	8900000
2015	9200000
2016	9400000
2017	9700000
2018	9910869.565217393
2019	10126323.251417771
2020	10346460.713405116
2021	10571383.772392184
2022	10801196.463096362
2023	11036005.081859328
2024	11275918.235812793
2025	11521046.893113071
2026	11771504.434267703
2027	12027406.704577873
2028	12288872.067720871
DATA CBHI collected fees
2009	262717810
2010	417010316
2011	444987812.5
2012	513529793
2013	777396648.2
2014	1052566088.25
2015	1773815887
2016	2033131818
DATA CBHI dropout
2009	291876.2
2010	449509.5864329904
2011	496614.80732651165
2012	557877.98
2013	589545.4400000001
2014	475836.6
2015	395854.9
2016	1032419.1599999999
DATA CBHI membership cost per household
2005	106
2006	106
2007	144
2008	144
2009	170
2010	240
2011	240
2012	350
2013	450
2014	450
2015	750
2016	800
2017	1000
2018	1133.7868480725624
2019	1269.6381277408311
2020	1384.5563006988345
2021	1496.8176223771184
2022	1618.1812133806684
2023	1749.3850955466685
2024	1891.2271303207226
2025	2044.5698706169972
2026	2210.3458060724292
2027	2389.5630335918154
2028	2583.311387666827
DATA CBHI targeted households
2005	54212
2009	2684982
2010	3759272.5130622857
2011	4341038.525581395
2012	4388956.837209302
2013	4020451.5787138585
2014	4072841.5479119467
2015	4122934
2016	4476436
2017	4573749.826086957
2018	4673179.170132326
2019	4774770.021656943
2020	4878569.3699538335
2021	4984625.225822396
2022	5092986.643775057
2023	5203703.7447266895
2024	5316827.73917727
2025	5432410.950898515
2026	5550506.841135439
2027	5671170.033334036
2028	5794456.338406516
DATA early loss to follow up DIA
2011	1100
2012	216
2013	720
2014	556
2015	788
2016	519
DATA early loss to follow up HTN
2011	1747
2012	1836
2013	1707
2014	2255
2015	2645
2016	2803
DATA Essential medication availability DIA
2007	0.37
2009	0.53
2011	0.48
DATA Essential medication availability HTN
2007	0.36
2009	0.41
2011	0.42
DATA general practitioners
2007	256
2008	366
2009	496
2010	782
2011	1098
2012	1220
2013	1379
2014	1380
2015	1378
2016	1345
DATA general subsidies
2009	26271781
2010	47539876
2011	61535545
2012	72834647
2013	104642434
2014	336226235
2015	493554653
2016	571388156
DATA health officers
2007	755
2008	868
2009	1366
2010	1654
2011	2002
2012	2325
2013	2423
2014	2969
2015	3226
2016	4445
DATA health service utilization per capita
2006	0.2
2007	0.38
2008	0.69
2009	0.7
2010	0.9
2011	1.21
2012	1.34
2013	1.5
2014	1.7
2015	1.8
2016	1.7
DATA inflation conversion multiplier for 2017 birr value
2005	9.995131673082327
2006	9.249092853126541
2007	8.611828550495758
2008	7.787771326246436
2009	7.271587456012366
2010	6.494464540195887
2011	5.596082944511162
2012	4.711362814947591
2013	3.752301458696675
2014	2.745201677338417
2015	1.8148561310890592
2016	1.2664278817720032
2017	1
2018	0.882
2019	0.787626
2020	0.7222530420000001
2021	0.6680840638500001
2022	0.6179777590612501
2023	0.5716294271316563
2024	0.5287572200967822
2025	0.4891004285895235
2026	0.4524178964453093
2027	0.4184865542119111
2028	0.3871000626460178
DATA new CBHI beneficiaries
2010	556535.6784408453
2011	338601.00499534886
2012	507161.80000000005
2013	696735.52
2014	1427509.8
2016	917705.92
DATA new fee waived beneficiaries
2012	58952
2013	18848.70227939519
2014	9523.297720604809
2015	4051.2290904505644
2016	53703.52322778059
DATA newly enrolled DIA
2011	13652
2012	12674
2013	10706
2014	12442
2015	12055
2016	13574
DATA newly enrolled HTN
2011	87400
2012	80316
2013	61895
2014	63366
2015	53028
2016	76935
DATA positive result for screened DIA
2011	31089
2012	27974
2013	21525
2014	26651
2015	19409
2016	26361
DATA positive result for screened HTN
2011	96912
2012	103390
2013	99488
2014	141780
2015	112631
2016	119110
DATA screened DIA
2011	374470
2012	571925
2013	757250
2014	1112294
2015	1194612
2016	1187372
DATA screened HTN
2011	1209279
2012	2464235
2013	2903056
2014	5252193
2015	5244550
2016	6811809
DATA total CBHI beneficiaries
2009	1459381
2010	2140521.840157097
2011	2257340.0333023258
2012	2535809
2013	2679752
2014	3172244
2015	3958549
2016	2867831
DATA total CBHI reimbursements
2013	574172041
2014	734606221.2
2015	1472843144.8
2016	4532011312.4
DATA total CBHI reimbursements requested
2013	1498061750.1
2014	1088995967.9
2015	2744497398
2016	7955480783.799999
DATA total death among enrolled DIA patients
2011	191
2012	45
2013	56
2014	33
2015	57
2016	73
DATA total death among enrolled HTN patients
2011	216
2012	98
2013	94
2014	72
2015	118
2016	117
DATA total DIA patients previously enrolled
2011	48923
2012	54918
2013	44227
2014	27967
2015	27956
2016	40038
DATA total facility internal revenue
2007	405337633
2008	553215383
2009	687269914
2010	891672417
2011	1086768113
2012	1344756955
2013	1768906279
2014	2240396956
2015	3335455791
2016	3317787147
2017	4859301609
DATA total facility revenue
2007	777792385.78
2008	612973082.93
2009	517560083.27
2010	338889398.61
2011	690435684.34
2012	617884659.93
2013	794479173.57
2014	376535479.31
2015	522243929.08
2016	706635203.7
2017	2274004124.44
DATA total fee waived beneficiaries
2011	433582
2012	492534
2013	511382.7022793952
2014	520906
2015	524957.2290904506
2016	578660.7523182312
DATA total HTN patients previously enrolled
2011	97328
2012	115627
2013	99896
2014	99749
2015	88706
2016	109664
DATA total nurse
2007	1045
2008	1534
2009	2071
2010	2607
2011	3739
2012	4338
2013	4836
2014	5745
2015	6188
2016	6811
DATA total revolving drug funds
2005	143000000
2006	144180000
2007	150000000
2008	174000000
2009	150000000
2010	151100000
2011	183299000
2012	187000000
2013	189640000
2014	209330000
2015	261600000
2016	328500000
2017	461500000
2018	523242630.3854875
2019	585937995.9523937
2020	638972732.7725121
2021	690781332.72704
2022	746790629.9751785
2023	807341221.5947875
2024	872801320.6430135
2025	943568995.2897443
2026	1020074589.5024261
2027	1102783340.0026228
2028	1192198205.4082408
DATA total utilized internal revenue
2007	236715818
2008	363680028
2009	545852835
2010	646818625
2011	827227574
2012	1028789793
2013	1357526777
2014	1552828456
2015	2588395642
2016	2463444738
2017	3733140401
